,0,1,2,3
0,0.6321383,-0.65897256,-1.0057284,-0.6122461
1,0.639343,-0.6457909,-1.0044068,-0.6219214
2,0.64813733,-0.63830787,-1.0025089,-0.6256994
3,0.6424095,-0.6011039,-0.9884577,-0.652412
4,0.6491627,-0.5667295,-0.9897896,-0.7056443
5,0.6595737,-0.5378321,-0.9941244,-0.7540415
6,0.6654681,-0.524143,-0.9884263,-0.7665046
7,0.6568723,-0.5123699,-0.9768418,-0.7626588
8,0.6455798,-0.50027347,-0.9753555,-0.75999266
9,0.6482313,-0.49349743,-0.9839803,-0.780395
10,0.63741016,-0.47493255,-0.9844829,-0.8086241
11,0.63238776,-0.47643024,-0.98428833,-0.8294589
12,0.6236821,-0.48246396,-0.97936463,-0.83792937
13,0.6158399,-0.4862805,-0.9729583,-0.84351945
14,0.6146542,-0.49101388,-0.98279965,-0.8477177
15,0.610664,-0.49475837,-0.9895824,-0.8356605
16,0.605196,-0.5033751,-0.99212277,-0.8141909
17,0.5974165,-0.52697974,-0.98491395,-0.7853053
18,0.5934458,-0.5446844,-0.97855556,-0.7715011
19,0.59010476,-0.5587602,-0.97241044,-0.7564703
20,0.585323,-0.56624377,-0.97065234,-0.7407106
21,0.57718784,-0.56596726,-0.97440326,-0.7357951
22,0.5718868,-0.55608344,-0.97281206,-0.7490022
23,0.57933134,-0.5566152,-0.97429454,-0.7714657
24,0.58603424,-0.5599269,-0.976405,-0.78844965
25,0.5902029,-0.56556267,-0.9752861,-0.7958629
26,0.58627415,-0.57532424,-0.98153543,-0.80231535
27,0.5910086,-0.5931718,-0.9948696,-0.80353254
28,0.5960616,-0.5954097,-0.9956343,-0.80650765
29,0.60204804,-0.59458953,-0.99388456,-0.80816853
30,0.60666376,-0.5892492,-0.9918641,-0.81153995
31,0.61001045,-0.5816209,-0.9941548,-0.81970614
32,0.61335075,-0.57399964,-0.99724734,-0.82641536
33,0.61449337,-0.56413823,-0.9963285,-0.8330352
34,0.61708677,-0.5593429,-0.99339604,-0.833999
35,0.6201265,-0.5630425,-0.9884987,-0.82468337
36,0.6241016,-0.5652016,-0.98309124,-0.8165497
37,0.62719893,-0.55974334,-0.9837271,-0.8200819
38,0.627139,-0.5519747,-0.98819697,-0.8243126
39,0.62597615,-0.5404157,-0.9872483,-0.8295093
40,0.62293893,-0.52901006,-0.97961116,-0.8354423
41,0.62753415,-0.52586687,-0.9717536,-0.8362798
42,0.6317131,-0.52373093,-0.96505713,-0.83476835
43,0.6340532,-0.51728165,-0.9632051,-0.84081763
44,0.6374066,-0.5103858,-0.96450865,-0.8453683
45,0.6452576,-0.505932,-0.97260606,-0.84555626
46,0.65255857,-0.50137913,-0.9781822,-0.84281486
47,0.65741414,-0.4970382,-0.9811498,-0.83991826
48,0.66099954,-0.49221677,-0.98264134,-0.83675104
49,0.6631696,-0.4890638,-0.9845996,-0.830599
50,0.66357714,-0.48636526,-0.9871471,-0.8239162
51,0.66027594,-0.4802972,-0.9833758,-0.82376915
52,0.65594995,-0.47601354,-0.9781046,-0.82498753
53,0.6534424,-0.4768558,-0.97489464,-0.8250134
54,0.65199006,-0.47875166,-0.97525966,-0.82572836
55,0.64829427,-0.47930813,-0.97545516,-0.8257973
56,0.6482542,-0.48302424,-0.97876453,-0.8253176
57,0.64996266,-0.48493487,-0.9796895,-0.8232653
58,0.6469402,-0.49332494,-0.9717802,-0.8017479
59,0.6344592,-0.5499647,-0.96457946,-0.71209455
60,0.5976994,-0.7939797,-0.9677988,-0.36718383
61,0.593128,-0.80838645,-0.9707271,-0.34546003
62,0.5933428,-0.8150179,-0.97820675,-0.33609143
63,0.59451056,-0.8139792,-0.9839741,-0.33065963
64,0.5962168,-0.8113354,-0.985687,-0.3292766
65,0.59805644,-0.8114429,-0.9836997,-0.3272561
66,0.59880203,-0.8117467,-0.98075664,-0.32365534
